         1115        293.2       13.765
      -814.17        293.2       13.765       10.147       2.7228
      -619.89        293.2       13.765       10.147       2.7228
      -421.96        293.2       13.765       10.147       2.7228
      -220.24        293.2       13.765       10.147       2.7228
      -14.552        293.2       13.765       10.147       2.7228
       195.28       292.78       13.716        10.47       1.8252
       409.45       291.83       13.015       10.551      0.12533
       628.16       290.83       12.095       9.6932     -0.76873
       851.63       289.78       11.107       9.0047      -1.4296
       1080.1       288.74       10.172       8.5543      -2.3683
       1313.8       287.58       9.5584       8.2979      -3.5359
       1553.1       286.32       9.3797        8.195      -4.6957
       1798.2       285.03       9.2135       8.1838      -5.7746
       2049.4       283.72       8.8018       8.3803      -6.7749
       2307.2       282.46       8.2635        8.724      -7.5783
       2571.9       281.29       7.8223       8.7805      -8.0088
         2844          280       7.5204       8.4149      -8.1733
       3123.8       278.71       7.2076       7.9035       -8.194
         3412       277.42       6.8865       7.2931      -8.1088
       3709.1       276.11       6.4702       6.8019      -8.2927
       4015.8       274.73       5.9211       6.5739      -8.8391
       4332.7       273.27       5.2674       6.9233      -9.3807
       4660.7        271.7        4.468       7.9271      -9.7712
       5000.7       269.92       3.8117       8.8841      -9.7936
       5353.6       267.88       3.3256       9.5643       -9.456
       5720.7        265.7       2.8802       9.9428      -9.3961
       6103.3       263.32       2.4762       10.058      -9.8776
         6503       260.62       2.0996       10.288      -10.878
       6921.4       257.52       1.7562       10.734      -12.282
       7360.8       254.17       1.4199       11.193      -13.483
       7823.7       250.57       1.1041       11.583      -14.297
       8312.9       246.67      0.82087       11.917      -15.017
       8832.2       242.37      0.57308       12.146      -15.881
       9386.1       237.54      0.39139       12.125      -17.173
         9980       232.18      0.26494       11.823      -18.876
        10621       226.57      0.15783       11.472      -20.937
        11319        220.9     0.083941       11.344      -23.364
        12086        215.4     0.049041       11.159      -24.281
        12939       210.75       0.0262       10.755      -21.605
        13905       207.67     0.010655        10.06      -15.903
        15022       206.86    0.0054224       7.7841      -9.8041
        16356       208.35    0.0036588       3.2524      -5.3174
        18035       212.38    0.0084792      -2.6806      -2.9726
        20353       219.72     0.033795      -7.7906      -1.4422
        24432       223.98      0.14771      -10.226     -0.82416
