         1115       294.36       14.982
      -814.17       294.36       14.982       10.395      -4.0769
      -619.89       294.36       14.982       10.395      -4.0769
      -421.96       294.36       14.982       10.395      -4.0769
      -220.24       294.36       14.982       10.395      -4.0769
      -14.552       294.36       14.982       10.395      -4.0769
       195.28       293.77       15.003       10.611      -4.8513
       409.45        292.4       14.383       10.804      -6.3574
       628.16       291.17       13.357       10.535      -7.1041
       851.63       290.15       12.056       10.278      -7.2141
       1080.1       289.32       10.751        10.06      -7.1133
       1313.8       288.97        9.555        9.825      -7.1772
       1553.1       288.76       8.6536       9.5843      -7.4441
       1798.2       288.07       7.9738       9.5053      -7.9507
       2049.4       287.06       7.2532        9.634      -8.6181
       2307.2       285.79       6.5192         9.82      -9.0734
       2571.9       284.33       5.7167       10.118      -9.4143
         2844       282.83       4.8236       10.622      -9.9594
       3123.8       281.29       4.3837        11.37      -10.504
         3412       279.71       4.4838       12.365      -10.986
       3709.1       278.03       4.4439       13.128      -11.323
       4015.8       276.24        4.253       13.532      -11.435
       4332.7       274.55       3.7277       13.842      -11.229
       4660.7          273       2.7793       14.103      -10.701
       5000.7       271.36       2.0413        14.31      -10.325
       5353.6       269.56       1.5304       14.501      -10.218
       5720.7       267.51       1.2422       14.879      -10.143
       6103.3       265.14       1.1971       15.487      -10.068
         6503        262.4       1.0459       16.091      -10.155
       6921.4       259.23      0.80113       16.588      -10.373
       7360.8        255.7      0.58317       16.933      -10.325
       7823.7       251.82      0.39886       17.078      -9.9607
       8312.9       247.71      0.26018       16.979      -9.7212
       8832.2       243.31      0.15965       16.706      -9.8034
       9386.1       238.47      0.11837       16.542      -10.154
         9980       233.13      0.10875       16.614      -10.529
        10621       227.41     0.088917       16.879      -10.296
        11319        221.5     0.059505       17.146      -9.3703
        12086       215.54     0.031444       16.778      -8.3636
        12939       210.15       0.0182       15.191      -7.6113
        13905       206.56     0.011958       11.957      -7.3688
        15022       205.83    0.0076077       7.1302      -6.8239
        16356       208.13    0.0043529       1.8859      -5.1078
        18035       212.75    0.0088871      -3.3897      -2.6378
        20353       220.24     0.035921      -8.3739     -0.52792
        24432       224.28      0.15276      -11.097      0.24816
