         1115       292.65       10.987
      -814.17       292.65       10.987       1.9184      -3.1755
      -619.89       292.65       10.987       1.9184      -3.1755
      -421.96       292.65       10.987       1.9184      -3.1755
      -220.24       292.65       10.987       1.9184      -3.1755
      -14.552       292.65       10.987       1.9184      -3.1755
       195.28       291.81        11.11       2.0783      -3.2838
       409.45       289.96       10.813       2.7014      -3.8044
       628.16       288.47       10.234       3.5433       -5.026
       851.63       288.09       9.5419       4.0771      -6.8937
       1080.1       288.44       9.1473        4.433      -8.3834
       1313.8       287.86       9.5964       4.8973      -8.6581
       1553.1        286.9       9.4865       5.6478      -8.4986
       1798.2        285.9       9.2794       6.5148      -8.3741
       2049.4       284.88        8.958       7.3496      -8.4078
       2307.2       283.86       8.4331       8.1372      -8.3927
       2571.9       282.81        7.573       8.9032      -8.0265
         2844       281.68       6.4444       9.6414      -7.3943
       3123.8       280.38       5.3158       10.399      -6.9479
         3412       278.85       4.1966       11.201      -6.7997
       3709.1       277.29        3.251       12.109      -6.7578
       4015.8        275.7       2.5008       13.167      -6.7841
       4332.7       274.16       1.9539       14.374      -6.7582
       4660.7       272.61       1.6223       15.691      -6.6387
       5000.7       270.74       1.4278       16.765      -6.4454
       5353.6       268.42       1.3851       17.488      -6.2322
       5720.7       265.79       1.2359       18.084      -6.2637
       6103.3        262.9      0.99452       18.537      -6.6521
         6503       259.83      0.79836       18.591      -7.3106
       6921.4       256.62      0.64691        18.28      -8.0937
       7360.8       253.26       0.4774       18.238      -8.4957
       7823.7        249.7      0.29691       18.678      -8.3119
       8312.9       245.82      0.17718       19.339      -7.7003
       8832.2       241.55      0.10486       20.112      -6.8532
       9386.1       236.91     0.063394       21.003      -6.1696
         9980       231.94     0.042242       21.928      -5.8219
        10621       226.66     0.029301       22.697      -5.6697
        11319        221.2     0.022021       23.264      -5.4698
        12086       215.98     0.016836       23.426      -5.2883
        12939       211.49       0.0116       22.181      -5.5386
        13905       208.43    0.0075946       18.524      -5.6454
        15022       207.74    0.0059256       12.976      -4.6169
        16356       209.37    0.0041585       6.4553      -2.7692
        18035       213.55     0.009826     -0.12632      -1.4233
        20353       220.53     0.037168      -7.1217      -1.0865
        24432       224.73      0.16084      -10.505      -1.1487
