         1115       294.84        14.85
      -814.17       294.84        14.85       11.656       -3.198
      -619.89       294.84        14.85       11.656       -3.198
      -421.96       294.84        14.85       11.656       -3.198
      -220.24       294.84        14.85       11.656       -3.198
      -14.552       294.84        14.85       11.656       -3.198
       195.28       294.19       14.908       11.997      -4.1045
       409.45       292.62       14.442       12.415      -6.1016
       628.16       291.12       13.599       12.144      -7.6467
       851.63       290.35       12.439       11.754      -8.4533
       1080.1        290.3       11.167       11.749      -8.4963
       1313.8       289.99       10.052       11.988      -8.2848
       1553.1       289.21       9.2748       11.967      -8.2705
       1798.2       288.07       8.5923       11.883      -8.3643
       2049.4       286.86       7.8307       11.832      -8.6257
       2307.2       285.58       6.9833       11.746      -9.0293
       2571.9       284.21       6.0716       11.771      -9.5217
         2844       282.74       5.2111       12.085      -10.061
       3123.8       281.24       4.5196        12.71      -10.373
         3412        279.7       4.0199       13.644      -10.362
       3709.1       278.08       3.5991       14.269      -10.208
       4015.8       276.37       3.2705       14.415      -9.9249
       4332.7       274.72       2.7809       14.379        -9.57
       4660.7       273.11       2.0767       14.263      -9.2169
       5000.7       271.42       1.6139       14.371      -9.2055
       5353.6       269.55       1.4224       14.819      -9.5677
       5720.7       267.48       1.3415       15.507      -9.7235
       6103.3       265.11       1.3789       16.322      -9.5293
         6503       262.37       1.2765       16.807      -9.3419
       6921.4       259.19       1.0469       16.856      -9.2611
       7360.8       255.67      0.80772       16.865      -9.1446
       7823.7       251.83      0.57497       16.919      -9.0597
       8312.9        247.7      0.38612       16.788       -9.396
       8832.2       243.26      0.23829       16.441      -10.219
       9386.1        238.4      0.16109       16.133      -11.132
         9980       233.09      0.12653       15.991      -11.799
        10621       227.42     0.096406       15.901      -11.889
        11319       221.52     0.059134       15.418      -11.551
        12086       215.57     0.028016       14.051      -11.005
        12939       210.19     0.017403        12.08      -9.9269
        13905       206.65     0.012324       9.8143      -8.8388
        15022       206.06     0.008115       6.5316      -7.8643
        16356       208.19    0.0040182       2.0972      -6.2714
        18035       212.68    0.0088063      -3.0409      -4.2048
        20353       220.14     0.035486      -8.5769      -2.0587
        24432        224.4      0.15494      -11.462      -1.3181
