         1115       292.61       10.799
      -814.17       292.61       10.799       3.3678      -5.0944
      -619.89       292.61       10.799       3.3678      -5.0944
      -421.96       292.61       10.799       3.3678      -5.0944
      -220.24       292.61       10.799       3.3678      -5.0944
      -14.552       292.61       10.799       3.3678      -5.0944
       195.28       291.75       10.931       3.4549        -5.13
       409.45       289.76       10.779       3.7221      -5.1613
       628.16       287.95       10.514       4.0001      -5.1895
       851.63       287.76       9.2232        4.662      -5.9684
       1080.1       288.85       7.4524       5.7018      -7.5065
       1313.8       288.44       8.3089       6.1224      -8.3059
       1553.1       287.47        8.627       6.4254       -8.182
       1798.2        286.5       8.5754       6.8571      -7.8142
       2049.4       285.44       8.4299         7.42      -7.6937
       2307.2       284.37       7.9653        8.144      -7.7199
       2571.9       283.26       7.1487       8.8841      -7.4438
         2844       282.05       6.1643       9.5344      -6.8752
       3123.8        280.7       5.2327       10.265      -6.3603
         3412       279.16       4.3726       11.133      -5.9837
       3709.1       277.64       3.4265       12.114       -5.752
       4015.8       276.15       2.3464       13.223      -5.7055
       4332.7       274.65       1.5638       14.407      -5.8327
       4660.7       273.06        1.111       15.601      -6.1477
       5000.7       271.15      0.91976       16.467      -6.5338
       5353.6       268.79        1.023       16.906       -6.922
       5720.7       266.06       1.0548       17.215      -7.1107
       6103.3       262.98       1.0207       17.465      -7.0684
         6503       259.71      0.86674       17.639      -7.0681
       6921.4       256.35      0.62627       17.855      -7.0761
       7360.8       253.03      0.39588       18.574       -6.613
       7823.7        249.7      0.17237       19.791        -5.61
       8312.9       246.02     0.072149       20.735      -4.6275
       8832.2       241.81     0.053954       21.261      -3.9228
       9386.1       237.17     0.043725        22.02       -3.472
         9980       232.17     0.036255       23.207      -3.2719
        10621       226.88      0.02848       24.343      -3.3871
        11319       221.43     0.021312       24.855      -3.9169
        12086       216.02     0.015782       24.263      -4.6682
        12939       211.25     0.011665       22.046      -5.1796
        13905       208.06    0.0080052       17.943      -5.0252
        15022       207.32    0.0055248       12.251       -3.938
        16356        209.1    0.0040222       5.6349      -2.4154
        18035       213.38    0.0096175     -0.27685      -1.1326
        20353       220.62     0.037554      -6.7269      -1.1787
        24432       224.76      0.16139      -9.5123      -1.3369
