         1115       292.36       12.166
      -814.17       292.36       12.166        4.518      -7.7035
      -619.89       292.36       12.166        4.518      -7.7035
      -421.96       292.36       12.166        4.518      -7.7035
      -220.24       292.36       12.166        4.518      -7.7035
      -14.552       292.36       12.166        4.518      -7.7035
       195.28       291.48       12.202       4.7181      -7.8998
       409.45       289.59       11.778        5.214      -8.1772
       628.16       288.85       10.691        5.778      -8.0943
       851.63       289.76       8.4766       6.3578      -8.1753
       1080.1       290.24       6.8147       6.8199      -8.5361
       1313.8       289.19       7.3729       7.2641      -8.5466
       1553.1       287.96       7.8343       7.9155      -8.3163
       1798.2       286.91       7.5495       8.6578      -8.1666
       2049.4       285.91       7.0105        9.467      -8.1512
       2307.2       284.81       6.4864       10.489      -8.1847
       2571.9       283.57       6.0121       11.352      -8.4417
         2844       282.21       5.7882       11.785      -9.0031
       3123.8       280.85       5.3607       11.957      -9.5852
         3412       279.52       4.6718       11.909      -10.101
       3709.1       278.11       3.8992       12.153      -10.325
       4015.8       276.57       3.0034       12.796      -10.197
       4332.7       274.98       2.3215       13.375      -10.105
       4660.7        273.3       1.8803       13.754      -10.124
       5000.7       271.33        1.659       13.963       -10.07
       5353.6       268.99       1.6829       14.055        -9.88
       5720.7        266.5       1.4525       14.347      -9.5768
       6103.3       263.91      0.97905       14.963      -9.1728
         6503       261.23      0.61191       15.819      -8.7643
       6921.4       258.41      0.33586       16.882      -8.3651
       7360.8       255.24      0.19325        18.04      -7.9119
       7823.7       251.59      0.16192       19.154      -7.3156
       8312.9        247.4      0.16072       19.919      -6.3943
       8832.2       242.69      0.17472       20.245      -5.2112
       9386.1       237.62      0.16155        20.34      -4.2391
         9980       232.28      0.13536       20.412      -3.7654
        10621       226.74     0.092381       20.662      -3.8333
        11319       221.05     0.055699       20.787      -4.1611
        12086       215.41      0.03567       20.182      -4.2201
        12939       210.45     0.020745       18.291      -4.1216
        13905       207.27     0.010851       14.777      -3.8102
        15022        206.6    0.0053576        10.25      -2.7403
        16356       208.32     0.003791        4.788      -1.9709
        18035       212.44    0.0085487     -0.63354      -1.3867
        20353       219.89     0.034466      -6.3574      -1.2942
        24432       224.21      0.15172      -8.8783     -0.78869
