         1115       294.55        14.57
      -814.17       294.55        14.57       12.174      -2.3191
      -619.89       294.55        14.57       12.174      -2.3191
      -421.96       294.55        14.57       12.174      -2.3191
      -220.24       294.55        14.57       12.174      -2.3191
      -14.552       294.55        14.57       12.174      -2.3191
       195.28       293.84       14.571       12.651      -3.1229
       409.45       292.33       13.796       13.288      -4.9244
       628.16       291.72       12.249       12.866      -6.1705
       851.63        291.9       10.387       12.292      -6.6345
       1080.1       291.44       9.2952       12.388      -6.9557
       1313.8        290.3        8.698       12.612      -7.3476
       1553.1       289.02       8.1338       12.746      -7.6171
       1798.2       287.78       7.4718         12.8      -7.8098
       2049.4       286.56       6.7825       12.809      -8.0998
       2307.2        285.3       6.1128       12.907      -8.5753
       2571.9       283.99       5.4455       13.217      -9.1621
         2844        282.6       4.8239       13.687      -9.6671
       3123.8       281.11       4.3336       14.083      -9.7829
         3412       279.48       3.9992       14.322      -9.4066
       3709.1       277.76       3.6613       14.319      -8.9973
       4015.8       275.95       3.3263       14.027       -8.649
       4332.7       274.22       2.8499       13.665      -8.3435
       4660.7       272.62       2.1846       13.297      -8.1163
       5000.7       271.01       1.6776        13.03      -8.1123
       5353.6        269.3       1.3325       12.988       -8.435
       5720.7        267.3       1.1532       13.453      -9.1279
       6103.3        264.9       1.1547       14.396      -10.086
         6503       262.14       1.0943       15.014      -10.597
       6921.4       259.02      0.98067       15.031      -10.541
       7360.8       255.56       0.7824       14.728      -10.642
       7823.7       251.77      0.52976       14.288      -11.137
       8312.9       247.71      0.32352       13.999      -11.774
       8832.2       243.32       0.1618        13.99      -12.335
       9386.1       238.46      0.10225       14.222      -12.527
         9980       233.07     0.098711       14.665      -12.298
        10621       227.31     0.097618       15.098      -11.998
        11319       221.34     0.073661       14.946      -12.072
        12086       215.37     0.035615         13.5      -12.339
        12939       210.09     0.019526       11.155      -11.818
        13905       206.63     0.012497       9.1639      -10.464
        15022       206.01    0.0077958       6.7445      -8.7284
        16356       208.07    0.0040145            3      -6.3922
        18035       212.45    0.0085536       -2.028      -3.7164
        20353       219.87     0.034381      -7.2861      -1.6561
        24432       224.07      0.14933      -9.9407     -0.96557
