         1115       292.29       10.864
      -814.17       292.29       10.864       3.7986      -6.4392
      -619.89       292.29       10.864       3.7986      -6.4392
      -421.96       292.29       10.864       3.7986      -6.4392
      -220.24       292.29       10.864       3.7986      -6.4392
      -14.552       292.29       10.864       3.7986      -6.4392
       195.28       291.43       11.007        3.852       -6.466
       409.45       289.39       10.954       3.9925      -6.4743
       628.16       287.72       10.673       4.1727      -6.3771
       851.63       288.27       8.8944       4.7882      -6.5664
       1080.1       289.81        6.627       5.8624      -7.1589
       1313.8       289.11       7.8763       6.7433      -7.5968
       1553.1       288.18       7.8599       7.5628       -7.992
       1798.2       287.29       7.2509       8.2671      -8.4456
       2049.4       286.21       6.9013       9.0385      -8.8828
       2307.2       284.95       6.7579        10.02      -9.0081
       2571.9       283.57       6.1741       10.882      -8.7945
         2844       282.14       5.0005       11.428      -8.5772
       3123.8       280.67       4.0941       11.785      -8.6185
         3412       279.14        3.496       11.965      -8.9733
       3709.1       277.55       3.0711       12.249       -9.221
       4015.8       275.91       2.8464       12.735      -9.2383
       4332.7       274.25       2.3132       13.451      -9.0488
       4660.7       272.53       1.3925       14.368      -8.6334
       5000.7       270.55      0.91612       15.033      -8.1138
       5353.6        268.2      0.93292       15.316      -7.5708
       5720.7       265.59       0.8963       15.468      -7.2638
       6103.3       262.75      0.81523       15.643       -7.202
         6503       259.83      0.65643       16.173      -6.9325
       6921.4       256.85      0.43038       17.317      -6.2997
       7360.8       253.72      0.26868       19.338      -5.4702
       7823.7        250.3      0.16116        22.01       -4.628
       8312.9        246.4      0.10589       24.015      -4.1803
       8832.2       241.92     0.089127       24.925      -4.1078
       9386.1       237.07     0.075183       25.381      -3.7506
         9980       231.95     0.063709       25.688       -2.965
        10621       226.68     0.047152       25.736      -2.2256
        11319       221.31     0.030844       25.337      -1.7252
        12086       215.96     0.019784       24.035      -1.6696
        12939       211.27     0.012912       21.057      -1.9678
        13905       208.25    0.0080339       16.447      -2.0911
        15022       207.55    0.0049549       11.003      -2.3204
        16356       209.28     0.004119       5.1245      -2.4171
        18035       213.22    0.0094308      -1.1189        -1.65
        20353       219.88     0.034416      -7.1061     -0.24836
        24432       223.58      0.14113      -10.007      0.70193
