         1115       291.97       11.095
      -814.17       291.97       11.095       3.1682      -7.0225
      -619.89       291.97       11.095       3.1682      -7.0225
      -421.96       291.97       11.095       3.1682      -7.0225
      -220.24       291.97       11.095       3.1682      -7.0225
      -14.552       291.97       11.095       3.1682      -7.0225
       195.28       291.11       11.222       3.2129      -7.0791
       409.45       289.14       11.102       3.3359      -7.1685
       628.16       287.97       10.423       3.6229      -7.1917
       851.63       289.03       8.1869       4.3987      -7.5567
       1080.1       290.29       6.0767       5.4873      -8.1782
       1313.8       289.19       7.4141       6.4672      -8.3842
       1553.1          288       7.8841        7.507      -8.5418
       1798.2       286.99       7.5279       8.5617      -8.8748
       2049.4       285.96       6.9729       9.6941      -9.3434
       2307.2       284.81       6.5232       10.776      -9.6994
       2571.9       283.44       6.2325       11.392      -9.8559
         2844       281.91       5.8189       11.599      -10.008
       3123.8       280.48       4.9469       11.839      -10.233
         3412        279.2       3.4565       12.215      -10.522
       3709.1       277.84       2.4066       12.771      -10.628
       4015.8       276.35        1.888       13.515      -10.454
       4332.7       274.78       1.4945       14.167      -10.081
       4660.7       273.08       1.2401       14.619       -9.523
       5000.7       271.08       1.1365       14.815      -8.9763
       5353.6        268.7       1.2005       14.738       -8.533
       5720.7       266.11       1.0918       14.617      -8.3171
       6103.3       263.36      0.82598       14.641      -8.2812
         6503       260.57      0.57018       15.248      -7.9413
       6921.4       257.72       0.3172       16.649      -7.1127
       7360.8        254.6      0.20963       18.689      -5.9458
       7823.7       251.05      0.22305       21.042      -4.6137
       8312.9       246.94      0.21005       22.708      -3.5524
       8832.2       242.28       0.1792       23.365      -2.8762
       9386.1       237.26      0.14159       23.548      -2.2866
         9980       232.01      0.10531       23.629      -1.7096
        10621       226.58     0.076253       23.771       -1.351
        11319       221.07     0.050942         23.7      -1.2445
        12086       215.69     0.029702        22.84       -1.478
        12939       210.96     0.017028       20.367      -2.1973
        13905       207.76     0.009457       16.176      -2.7832
        15022       206.85    0.0051092       11.395      -2.7455
        16356       208.35    0.0037796       5.6718      -2.2269
        18035       212.68    0.0088055     -0.74891      -1.9078
        20353       220.08     0.035269      -7.3196      -1.1733
        24432       224.48      0.15627      -10.262     -0.82437
