         1115       293.28       13.822
      -814.17       293.28       13.822       6.8953      -6.9666
      -619.89       293.28       13.822       6.8953      -6.9666
      -421.96       293.28       13.822       6.8953      -6.9666
      -220.24       293.28       13.822       6.8953      -6.9666
      -14.552       293.28       13.822       6.8953      -6.9666
       195.28       292.49       13.734       7.3195      -7.2206
       409.45        290.8       12.938       8.2734      -7.4124
       628.16       290.26       11.643       9.0309      -7.0377
       851.63       290.51       9.9298       9.2986      -6.9842
       1080.1       289.93       8.8518       9.0768      -7.4218
       1313.8       289.04       8.3664       8.8367      -7.7782
       1553.1       288.16       8.1406       8.7953      -7.7671
       1798.2       287.35       7.6738       8.9017      -7.6539
       2049.4       286.39            7       9.1155      -7.6936
       2307.2       285.22       6.3822       9.5353      -7.6908
       2571.9       283.88       5.8437       10.143      -7.7103
         2844       282.51        5.306       10.789      -8.0426
       3123.8       281.12       4.9777       11.384      -8.7317
         3412        279.7        4.902       11.897      -9.7947
       3709.1       278.16       4.5937       12.298      -10.657
       4015.8       276.48       4.0061       12.582       -11.14
       4332.7       274.78       3.3306       12.925      -11.302
       4660.7       273.06       2.5292       13.338      -11.113
       5000.7        271.2       1.9052       13.583      -10.722
       5353.6       269.16       1.4734        13.67      -10.195
       5720.7       266.94       1.1591       14.095      -9.8016
       6103.3       264.53      0.96632       14.985      -9.6193
         6503       261.88      0.74059       15.937      -9.5169
       6921.4       258.92      0.48453       16.761      -9.4516
       7360.8       255.55      0.32211         17.3      -9.4136
       7823.7       251.73      0.24236       17.519       -9.319
       8312.9       247.58      0.18993       17.611       -8.904
       8832.2       243.09       0.1578       17.724       -8.141
       9386.1       238.14      0.14766       18.039      -7.3638
         9980       232.73       0.1445       18.572      -6.8077
        10621       227.02      0.10804       19.037      -6.6308
        11319        221.2     0.063002       19.096      -6.7228
        12086       215.38     0.035132       18.513      -6.4834
        12939       210.22     0.021073        16.82      -5.9567
        13905       206.95     0.011893        13.25      -5.4504
        15022       206.37    0.0062882       8.0701      -4.2919
        16356       208.39    0.0040714       2.6834      -2.9502
        18035       212.54     0.008649      -2.1653      -1.3016
        20353       219.64     0.033473      -7.1335     -0.36054
        24432       223.54      0.14052      -9.6653       0.4251
