         1115       293.79       14.478
      -814.17       293.79       14.478       10.639      0.70505
      -619.89       293.79       14.478       10.639      0.70505
      -421.96       293.79       14.478       10.639      0.70505
      -220.24       293.79       14.478       10.639      0.70505
      -14.552       293.79       14.478       10.639      0.70505
       195.28       293.33       14.247       10.883     0.089963
       409.45       292.45       12.882       11.127      -1.0247
       628.16       291.77         11.2       10.868      -1.6694
       851.63       290.89       10.028       10.517      -2.4723
       1080.1       289.77       9.3409        10.08      -3.5608
       1313.8       288.51       8.9335       9.6611      -4.7543
       1553.1        287.2       8.4979       9.3368      -5.9912
       1798.2       285.89       7.8103       9.0963      -7.2121
       2049.4       284.57       7.6175       8.9022       -8.254
       2307.2       283.29       8.1559       8.6035       -8.849
       2571.9       281.89        8.398       8.0262      -8.9664
         2844       280.32       8.1357       7.2475       -8.917
       3123.8       278.93       7.7028        6.722      -8.8473
         3412       277.79       7.0321       6.5822      -8.7805
       3709.1       276.39       6.4325       6.6179      -8.7698
       4015.8       274.65       5.9206       6.8643      -8.8254
       4332.7       272.96       5.2302       7.5046      -8.8559
       4660.7        271.4       4.3235       8.5667      -8.8347
       5000.7       269.76        3.646       9.4962      -8.7827
       5353.6       267.95       3.2053       10.115      -8.8067
       5720.7       265.83       2.7896       10.506       -9.349
       6103.3       263.32       2.4073       10.721      -10.548
         6503       260.51       2.0023        11.01      -12.001
       6921.4       257.43        1.596       11.364      -13.503
       7360.8       254.18       1.3155       11.397      -14.757
       7823.7       250.71       1.1393       11.039       -15.64
       8312.9       246.88      0.86318       10.675       -16.24
       8832.2       242.56      0.53499       10.573      -16.697
       9386.1       237.76      0.34496        10.96      -17.329
         9980       232.52      0.24826       11.681      -18.565
        10621       226.96      0.16048       12.006      -20.834
        11319       221.13     0.089653       11.737      -23.209
        12086       215.31       0.0474       11.253      -23.503
        12939       210.39     0.024373       10.932      -20.524
        13905       207.36     0.011541       10.632      -15.123
        15022        206.8    0.0057777       8.5815      -9.4441
        16356       208.35    0.0036388       3.7801      -5.4213
        18035       212.27    0.0083675      -2.8691       -2.904
        20353       219.69      0.03366      -8.2264      -1.7686
        24432       224.08       0.1494      -10.714      -1.1357
