         1115       294.09       14.475
      -814.17       294.09       14.475       11.851     -0.92338
      -619.89       294.09       14.475       11.851     -0.92338
      -421.96       294.09       14.475       11.851     -0.92338
      -220.24       294.09       14.475       11.851     -0.92338
      -14.552       294.09       14.475       11.851     -0.92338
       195.28       293.45       14.297        12.34      -1.6247
       409.45        292.4       12.635       12.957      -3.3069
       628.16       292.19       10.144       12.507      -4.7592
       851.63       291.79       8.7602        11.85      -5.5377
       1080.1       290.77       8.2517       11.692      -5.8679
       1313.8       289.65       7.6577        11.87      -6.0968
       1553.1       288.47       6.9335        12.18       -6.324
       1798.2       287.31       6.1285       12.358      -6.5634
       2049.4       286.11       5.5223       12.387      -6.8918
       2307.2       284.73       5.3927       12.393      -7.2972
       2571.9       283.16       5.5295        12.44      -7.6804
         2844        281.5       5.6001       12.488      -7.9715
       3123.8       279.93       5.4342       12.392      -7.8879
         3412       278.47       4.9939       12.098      -7.3518
       3709.1       276.98       4.7468       11.738       -6.932
       4015.8       275.42       4.7282       11.383      -6.8056
       4332.7       273.85       4.2599       11.332      -7.0331
       4660.7       272.28       3.2316       11.621      -7.6153
       5000.7       270.66       2.4304       11.705      -8.0654
       5353.6       268.91        1.871       11.498      -8.3257
       5720.7       266.88       1.4334       11.512      -8.8846
       6103.3       264.47        1.137       11.874      -9.9067
         6503       261.78      0.89103       12.258      -11.179
       6921.4       258.75      0.69882       12.487       -12.55
       7360.8       255.35      0.56499       12.389      -13.669
       7823.7       251.54      0.48293       11.992      -14.361
       8312.9        247.5      0.35376       11.705      -14.628
       8832.2       243.18      0.20334       11.662      -14.614
       9386.1        238.4      0.12631       11.689       -14.79
         9980       233.06     0.094723       11.797      -15.116
        10621       227.29     0.082818       11.993      -14.856
        11319       221.27      0.07413       11.887      -14.214
        12086       215.29     0.044738       10.972      -14.324
        12939       210.03     0.022085       9.3792      -14.351
        13905       206.67     0.013131       8.3138      -12.564
        15022       206.07    0.0075127       6.9424       -9.362
        16356       208.05    0.0038203       3.5109      -5.9703
        18035       212.47    0.0085822      -1.8877      -2.8816
        20353       219.71     0.033768       -7.962     -0.56145
        24432       223.89      0.14619       -10.72         0.42
