         1115       293.72       14.488
      -814.17       293.72       14.488       10.321     -0.61372
      -619.89       293.72       14.488       10.321     -0.61372
      -421.96       293.72       14.488       10.321     -0.61372
      -220.24       293.72       14.488       10.321     -0.61372
      -14.552       293.72       14.488       10.321     -0.61372
       195.28       293.19       14.172       10.695      -1.3032
       409.45       292.45       12.126       11.123      -2.8429
       628.16       292.13       9.6317        10.96      -3.9704
       851.63       291.22       8.7797       10.839      -4.6415
       1080.1       290.14       8.3657       10.685      -5.1767
       1313.8          289       8.0501       10.644      -5.5478
       1553.1       287.84       7.5323       10.671      -5.9636
       1798.2       286.77       6.7106        10.66       -6.534
       2049.4       285.61       6.3357       10.635      -7.1467
       2307.2        284.2         6.84       10.581      -7.4873
       2571.9        282.6       7.2788        10.57      -7.6054
         2844       280.92       7.2196       10.615       -7.746
       3123.8       279.36       7.0099       10.501       -7.777
         3412       277.94       6.6234        10.16      -7.6737
       3709.1       276.46       6.3047        9.684      -7.6785
       4015.8       274.86       6.0547       9.1628       -7.825
       4332.7       273.18        5.574       9.1459      -7.8168
       4660.7       271.43       4.8284       9.7636      -7.6052
       5000.7       269.73       4.0693       10.345      -7.5146
       5353.6       268.05       3.2479       10.672      -7.7115
       5720.7       266.06       2.4974        10.74      -8.3836
       6103.3       263.63       1.8362       10.584      -9.6136
         6503       260.96       1.3996       10.524      -11.139
       6921.4       258.05       1.1843       10.622       -12.79
       7360.8        254.8       0.9621       10.613      -14.177
       7823.7       251.15      0.74065       10.443      -15.156
       8312.9       247.14      0.54889       10.347        -15.9
       8832.2       242.77      0.39011       10.315      -16.519
       9386.1       238.01      0.27326       10.001      -17.138
         9980       232.84      0.18993       9.3584      -17.895
        10621       227.27      0.13748       8.6906      -18.812
        11319       221.34     0.094571       8.4016      -19.625
        12086       215.42      0.05073       8.5416      -20.016
        12939       210.37     0.023437       8.5975      -18.893
        13905       207.15     0.011234       8.6436      -15.159
        15022       206.51    0.0071685       7.3925      -9.9129
        16356       208.33    0.0037352       3.4882      -5.2518
        18035       212.57    0.0086885      -2.4786      -2.0728
        20353        219.7     0.033703       -8.597      -0.7688
        24432       223.81       0.1449      -11.345     -0.31836
