         1115       292.42       10.797
      -814.17       292.42       10.797       3.4823      -5.4881
      -619.89       292.42       10.797       3.4823      -5.4881
      -421.96       292.42       10.797       3.4823      -5.4881
      -220.24       292.42       10.797       3.4823      -5.4881
      -14.552       292.42       10.797       3.4823      -5.4881
       195.28       291.57       10.942        3.549      -5.5139
       409.45       289.57       10.798       3.7623      -5.4371
       628.16        287.8       10.532       3.9701      -5.2148
       851.63       288.08       8.9764       4.6959      -5.5914
       1080.1       289.62       6.7527       6.0199      -6.6085
       1313.8       288.98       7.9744       6.7147      -7.3465
       1553.1       288.08       8.0048       7.1092      -7.7957
       1798.2       287.13        7.756       7.4107      -8.0294
       2049.4       286.01       7.7409       7.9302      -8.2372
       2307.2       284.81       7.4367       8.7852      -8.3604
       2571.9       283.56       6.6161       9.4871      -8.2032
         2844       282.22       5.6496       9.7905      -7.8791
       3123.8       280.79       4.8912       10.072      -7.4656
         3412       279.27       4.3846       10.444      -6.9883
       3709.1       277.73       3.7435       11.152      -6.7022
       4015.8       276.21       2.9177       12.303      -6.6836
       4332.7       274.64       2.1179       13.673      -6.7364
       4660.7       272.97       1.3216       15.156      -6.8146
       5000.7       270.98      0.87426       16.289       -6.865
       5353.6       268.58      0.82042       16.912      -6.8955
       5720.7       265.85      0.80371       17.258      -7.0326
       6103.3       262.82      0.82669       17.393      -7.2206
         6503       259.64      0.72639       17.466      -7.0181
       6921.4       256.36      0.53087       17.652        -6.32
       7360.8       253.12      0.34292       18.381      -5.5309
       7823.7       249.84      0.15998       19.641      -4.8728
       8312.9       246.12      0.07675       20.663      -4.5227
       8832.2        241.8      0.06234       21.248      -4.4354
       9386.1       237.05     0.051059       21.887      -4.2042
         9980       231.99     0.041183       22.784      -3.6606
        10621       226.76      0.03108       23.735      -2.9937
        11319       221.42     0.022456       24.331      -2.5812
        12086       216.12     0.016152       23.838      -2.8629
        12939        211.4     0.011667       21.553       -3.509
        13905       208.19    0.0079242       17.456      -3.5415
        15022       207.37    0.0053189       11.803      -3.1199
        16356       209.23    0.0041706       5.1495      -2.5855
        18035       213.27    0.0094924      -1.0232      -1.3326
        20353       220.06     0.035175      -6.3276     -0.57025
        24432        223.7      0.14317      -8.4957     0.088762
