         1115       292.52       12.816
      -814.17       292.52       12.816       4.1573       3.4269
      -619.89       292.52       12.816       4.1573       3.4269
      -421.96       292.52       12.816       4.1573       3.4269
      -220.24       292.52       12.816       4.1573       3.4269
      -14.552       292.52       12.816       4.1573       3.4269
       195.28       292.17        12.34       4.4155       2.9199
       409.45       291.27       11.265       4.7115        1.682
       628.16       290.26       10.876       4.4815      0.45583
       851.63       289.23       10.196       4.2239     -0.73072
       1080.1        288.2       9.3604       4.1957       -2.085
       1313.8       287.16       8.7123       4.3648      -3.3548
       1553.1       286.07       8.3774        4.758      -4.2152
       1798.2       284.88       8.2209       5.5315      -4.8122
       2049.4       283.72        8.029       6.5778      -5.4961
       2307.2       282.63       8.0142       7.4113      -6.3373
       2571.9       281.53       8.0086       7.7018      -6.9723
         2844       280.31       7.7296       7.7767      -7.2078
       3123.8       278.96       7.2854        8.205      -7.1565
         3412       277.43       6.6391       9.1037      -6.7901
       3709.1       275.71       6.0536       9.8905      -6.3277
       4015.8       273.82       5.5671       10.374      -5.8432
       4332.7       272.14       5.0394       10.422       -5.597
       4660.7       270.73       4.4332        10.05       -5.726
       5000.7       269.15       3.8887       9.9948      -6.2661
       5353.6       267.24       3.3945       10.423       -7.257
       5720.7       265.12       2.9716       10.812      -8.4485
       6103.3       262.75       2.6318       11.007      -9.7511
         6503       260.06       2.2697       11.125      -11.014
       6921.4          257        1.895        11.17      -12.117
       7360.8       253.63       1.5158       11.041      -12.879
       7823.7       249.93       1.1497       10.752      -13.346
       8312.9       245.88      0.79258       10.527      -13.999
       8832.2       241.46      0.47017       10.391      -15.147
       9386.1       236.71      0.27422       10.111      -16.972
         9980       231.68      0.16631       9.6613      -19.398
        10621       226.39     0.096573       9.5629       -22.17
        11319       220.96     0.063576       10.274       -25.07
        12086       215.82     0.039981       11.266      -26.282
        12939       211.57     0.017959       11.667      -23.148
        13905       208.94    0.0086431       10.377      -16.407
        15022        208.4    0.0044642       7.0758       -10.04
        16356       209.75    0.0043668       2.4546      -6.0286
        18035       213.07    0.0092486       -2.515      -3.7327
        20353       220.09     0.035279      -8.1369      -1.9142
        24432       224.22      0.15182      -11.066      -1.1493
