         1115       292.68       13.039
      -814.17       292.68       13.039       6.7028        4.663
      -619.89       292.68       13.039       6.7028        4.663
      -421.96       292.68       13.039       6.7028        4.663
      -220.24       292.68       13.039       6.7028        4.663
      -14.552       292.68       13.039       6.7028        4.663
       195.28       292.34       12.788       7.0234       3.9129
       409.45       291.46       12.077       7.2501       2.2103
       628.16       290.41       11.727       6.6572      0.84418
       851.63       289.33       10.984       6.1016     -0.19179
       1080.1       288.32       10.048       5.8825      -1.3758
       1313.8       287.21       9.3556       5.9795      -2.5969
       1553.1       285.99       9.1256       6.2823      -3.6559
       1798.2       284.78       9.2032       6.6806       -4.713
       2049.4       283.61       9.2468       7.0397      -5.8248
       2307.2       282.53       8.9669       7.3615      -6.7688
       2571.9       281.53       8.3272       7.7311      -7.2987
         2844       280.43       7.5546       8.0915       -7.545
       3123.8       279.13       6.9341       8.4964      -7.7086
         3412        277.6       6.5227       8.9628      -7.8251
       3709.1          276       6.0956       9.4351      -8.0556
       4015.8        274.4       5.6698       9.8833      -8.4558
       4332.7       272.86       5.1916        10.21      -8.9532
       4660.7       271.37       4.6183       10.387      -9.4868
       5000.7       269.65       4.0657       10.553      -9.7493
       5353.6        267.6       3.5291       10.763      -9.6616
       5720.7       265.32       3.0549       11.074      -9.5258
       6103.3       262.81        2.659        11.46      -9.4929
         6503        260.1       2.2661        11.67      -9.7713
       6921.4       257.16       1.8795       11.595      -10.455
       7360.8       253.91       1.4697       11.286      -11.437
       7823.7       250.31       1.0548       10.856      -12.669
       8312.9       246.32      0.76145       10.654      -14.042
       8832.2       241.93      0.56663       10.745      -15.534
       9386.1       237.13      0.37736       10.809      -17.202
         9980       231.97      0.21576       10.695       -19.16
        10621       226.51      0.13482       10.487      -21.455
        11319       220.92     0.089446       10.402      -23.653
        12086       215.66      0.04361       10.545      -24.298
        12939       211.26     0.018976       10.639      -21.362
        13905       208.47     0.010513       9.9365      -15.384
        15022       207.89    0.0046304       7.4577      -9.3255
        16356       209.19    0.0040625       3.1202      -5.4595
        18035       212.57    0.0086823      -2.4186      -3.2903
        20353       219.56     0.033164      -8.1875      -1.6595
        24432       223.76      0.14407      -11.127     -0.87947
